7 10
1 2
1 3
2 4
3 4
4 5
4 6
5 7
6 7
2 5
3 6
7 9
1 2
1 3
1 4
2 4
3 4
4 5
5 6
5 7
7 6

53 73
2 1
2 11
3 1
4 2
5 3
6 5
7 1
8 3
9 8
10 2
11 7
12 5
13 1
13 15
14 4
15 10
15 30
16 5
17 8
18 3
19 4
20 4
21 20
21 52
22 18
22 28
23 14
23 52
24 23
25 18
25 30
26 11
26 52
27 7
28 8
29 23
29 28
30 14
31 12
31 27
32 20
32 46
33 22
33 50
34 33
35 25
35 33
36 21
36 38
37 18
38 21
38 34
39 28
39 48
40 22
41 16
41 25
42 20
42 30
43 24
43 50
44 26
45 26
46 9
46 13
47 13
48 14
49 47
50 47
51 50
52 32
53 11
53 39
0 0